function env = Como_environment()

env.S = 145.9*10^6; % reservoir surface [m2]
env.W_IRR = [88.2340000000000 88.2340000000000 88.2340000000000 88.2340000000000 88.2340000000000 88.2340000000000 88.2340000000000 88.2340000000000 88.2340000000000 88.2340000000000 88.2340000000000 88.2340000000000 88.2340000000000 88.2340000000000 88.2340000000000 88.2340000000000 88.2340000000000 88.2340000000000 88.2340000000000 88.2340000000000 88.2340000000000 88.2340000000000 88.2340000000000 88.2340000000000 88.2340000000000 88.2340000000000 88.2340000000000 88.2340000000000 88.2340000000000 88.2340000000000 88.2340000000000 88.2340000000000 88.2340000000000 88.2340000000000 88.2340000000000 88.2340000000000 88.2340000000000 88.2340000000000 88.2340000000000 88.2340000000000 88.2340000000000 88.2340000000000 88.2340000000000 88.2340000000000 88.2340000000000 88.2340000000000 88.2340000000000 88.2340000000000 88.2340000000000 88.2340000000000 88.2340000000000 88.2340000000000 88.2340000000000 88.2340000000000 88.2340000000000 88.2340000000000 88.2340000000000 88.2340000000000 88.2340000000000 88.2340000000000 88.2340000000000 88.2340000000000 87.9330000000000 87.6320000000000 86.2920000000000 84.9520000000000 83.6110000000000 82.2700000000000 80.9300000000000 79.5900000000000 78.1570000000000 76.7240000000000 75.2920000000000 73.8590000000000 72.4270000000000 70.9940000000000 69.5620000000000 68.1300000000000 67.6090000000000 67.2160000000000 66.8240000000000 67.2020000000000 67.5810000000000 67.9600000000000 68.3380000000000 68.7170000000000 69.0960000000000 69.8460000000000 70.5970000000000 71.3480000000000 72.0990000000000 94.0730000000000 95.8540000000000 97.6350000000000 99.4160000000000 101.197000000000 102.977000000000 104.759000000000 106.540000000000 108.321000000000 110.103000000000 111.884000000000 113.665000000000 115.447000000000 117.227000000000 119.008000000000 120.789000000000 122.570000000000 124.351000000000 126.133000000000 127.914000000000 129.696000000000 131.477000000000 133.838000000000 136.598000000000 139.080000000000 141.560000000000 144.042000000000 146.052000000000 148.063000000000 150.073000000000 152.084000000000 154.094000000000 156.105000000000 158.113000000000 160.124000000000 162.134000000000 164.145000000000 166.155000000000 168.166000000000 170.176000000000 172.187000000000 174.197000000000 176.208000000000 178.217000000000 180.228000000000 182.238000000000 184.249000000000 186.259000000000 187.239000000000 188.219000000000 189.199000000000 190.179000000000 191.159000000000 192.139000000000 193.645000000000 195.151000000000 196.657000000000 198.163000000000 199.670000000000 201.176000000000 202.682000000000 204.189000000000 205.695000000000 207.201000000000 208.707000000000 210.214000000000 211.720000000000 213.226000000000 214.733000000000 216.239000000000 217.745000000000 224.252000000000 226.158000000000 226.158000000000 226.158000000000 226.158000000000 226.158000000000 226.158000000000 226.158000000000 226.158000000000 226.158000000000 226.158000000000 226.158000000000 226.158000000000 226.158000000000 226.158000000000 226.158000000000 226.158000000000 226.158000000000 226.158000000000 226.158000000000 226.158000000000 226.158000000000 226.158000000000 226.158000000000 226.158000000000 226.158000000000 226.158000000000 226.158000000000 226.158000000000 226.158000000000 226.158000000000 226.158000000000 226.158000000000 226.158000000000 226.158000000000 226.158000000000 226.158000000000 226.158000000000 226.158000000000 226.158000000000 226.158000000000 226.158000000000 226.158000000000 226.158000000000 226.158000000000 226.158000000000 226.158000000000 226.158000000000 226.158000000000 226.158000000000 225.338000000000 224.519000000000 223.700000000000 222.880000000000 222.061000000000 221.242000000000 220.423000000000 219.603000000000 218.784000000000 217.965000000000 217.145000000000 216.326000000000 215.507000000000 214.687000000000 213.868000000000 213.049000000000 212.229000000000 211.410000000000 210.591000000000 209.772000000000 208.952000000000 208.133000000000 207.314000000000 206.494000000000 205.675000000000 204.856000000000 204.036000000000 203.027000000000 202.028000000000 201.019000000000 200.019000000000 199.010000000000 198.011000000000 197.001000000000 196.182000000000 195.143000000000 194.102000000000 193.063000000000 191.703000000000 190.343000000000 188.433000000000 186.534000000000 182.634000000000 180.734000000000 178.825000000000 176.766000000000 174.707000000000 172.649000000000 170.591000000000 168.521000000000 166.463000000000 164.139000000000 161.814000000000 159.480000000000 157.155000000000 154.831000000000 152.507000000000 150.183000000000 147.848000000000 145.523000000000 143.739000000000 142.774000000000 141.799000000000 140.833000000000 139.868000000000 139.223000000000 137.511000000000 135.799000000000 134.087000000000 132.375000000000 130.663000000000 128.951000000000 127.238000000000 125.527000000000 123.697000000000 121.868000000000 120.038000000000 118.208000000000 116.380000000000 116.160000000000 115.941000000000 115.721000000000 115.503000000000 115.283000000000 114.520000000000 113.757000000000 112.995000000000 112.730000000000 112.462000000000 110.935000000000 109.407000000000 107.880000000000 106.351000000000 79.4970000000000 79.9300000000000 80.3640000000000 80.7980000000000 81.2310000000000 81.6650000000000 82.0990000000000 82.5320000000000 82.9660000000000 83.4000000000000 83.8330000000000 84.2670000000000 84.7010000000000 85.1340000000000 85.1340000000000 85.1340000000000 85.1340000000000 85.1340000000000 85.1340000000000 85.1340000000000 85.1340000000000 85.1340000000000 85.1340000000000 85.1340000000000 85.1340000000000 85.1340000000000 85.1340000000000 85.1340000000000 85.1340000000000 85.1340000000000 85.1340000000000 85.1340000000000 85.1340000000000 85.1340000000000 85.1340000000000 85.1340000000000 85.1340000000000 85.5770000000000 86.0200000000000 86.4630000000000 86.9060000000000 87.3490000000000 87.7910000000000 88.2340000000000 88.2340000000000 88.2340000000000 88.2340000000000 88.2340000000000 88.2340000000000 88.2340000000000 88.2340000000000 88.2340000000000 88.2340000000000 88.2340000000000 88.2340000000000 88.2340000000000 88.2340000000000 88.2340000000000 88.2340000000000 88.2340000000000]; % water demand
env.H_FLO_U = 1.24; % flooding threshold [m above Malgrate]
env.S_MIN_REL = 100.0; % release threshold (i.e., max capacity)
% env.DAM_INFLOW = normrnd(40,10); % random inflow (e.g. rain)
env.Q_MEF = 5; % [m3/s]
env.delta = 60 * 60 * 24; % conversion factor from m3/s -> m3/d
return
