function [f, w] = plot_reference_fronts( domain )

N = settings(domain);

if strcmp('deep',domain)
    
    f = [-1,1
        -3,2
        -5,3
        -7,5
        -8,8
        -9,16
        -13,24
        -14,50
        -17,74
        -19,124];
    
    hold on; plot(f(:,1), f(:,2),'bo')
    
elseif strcmp('puddleworld',domain)
    
    f = [-21.9825,-9.547890976
        -21.9425,-10.37789098
        -21.9225,-10.79289098
        -21.8825,-11.67220473
        -21.8675,-12.02044023
        -21.8475,-12.48475498
        -21.8425,-12.60083398
        -21.8575,-12.25259798
        -21.8525,-12.36867598
        -21.8625,-12.13651848
        -21.8725,-11.90436173
        -21.8775,-11.78828273
        -21.9025,-11.20789098
        -21.8925,-11.44004773
        -21.8875,-11.55612598
        -21.8975,-11.32396848
        -21.9125,-11.00039098
        -21.9075,-11.09181223
        -21.9175,-10.88431223
        -21.9325,-10.58539098
        -21.9275,-10.67681173
        -21.9375,-10.46931173
        -21.9625,-9.962890976
        -21.9525,-10.17039098
        -21.9475,-10.26181173
        -21.9575,-10.05431173
        -21.9725,-9.755390976
        -21.9675,-9.846811726
        -21.9775,-9.639311726
        -22.0925,-7.771811976
        -22.0325,-8.601811726
        -22.0025,-9.132890976
        -21.9925,-9.340390976
        -21.9875,-9.431811726
        -21.9975,-9.224311726
        -22.0175,-8.809311726
        -22.0075,-9.016811726
        -22.0125,-8.932522726
        -22.0225,-8.725022726
        -22.0275,-8.640733976
        -22.0625,-8.186811976
        -22.0475,-8.394311726
        -22.0375,-8.517522726
        -22.0425,-8.433233976
        -22.0525,-8.310022726
        -22.0575,-8.225733476
        -22.0775,-7.979311976
        -22.0725,-8.018233476
        -22.0675,-8.102522726
        -22.0825,-7.895022726
        -22.0875,-7.810733476
        -22.1575,-6.857522726
        -22.1275,-7.272522726
        -22.1075,-7.564311976
        -22.0975,-7.687522726
        -22.1025,-7.603233476
        -22.1175,-7.395733476
        -22.1125,-7.480022726
        -22.1225,-7.356811976
        -22.1375,-7.149311976
        -22.1325,-7.188233476
        -22.1475,-6.980733476
        -22.1425,-7.065022726
        -22.1525,-6.941811976
        -22.3425,-4.990023101
        -22.2325,-6.027522726
        -22.1775,-6.618233226
        -22.1675,-6.734311976
        -22.1625,-6.773233476
        -22.1725,-6.650022726
        -22.2125,-6.235022726
        -22.1925,-6.442522726
        -22.1825,-6.526811976
        -22.1875,-6.495022476
        -22.2025,-6.319311976
        -22.1975,-6.410733226
        -22.2075,-6.287522476
        -22.2225,-6.111811976
        -22.2175,-6.203233226
        -22.2275,-6.080022726
        -22.2725,-5.612522976
        -22.2525,-5.820022726
        -22.2425,-5.904311976
        -22.2375,-5.995733226
        -22.2475,-5.872522726
        -22.2625,-5.696812226
        -22.2575,-5.788233476
        -22.2675,-5.665022726
        -22.3175,-5.197523101
        -22.2925,-5.405023101
        -22.2825,-5.489312351
        -22.2775,-5.580733476
        -22.2875,-5.457522726
        -22.3025,-5.281812351
        -22.2975,-5.373233476
        -22.3075,-5.250022976
        -22.3125,-5.218233851
        -22.3275,-5.074312351
        -22.3225,-5.165733726
        -22.3325,-5.042523101
        -22.3375,-5.010733851
        -22.4475,-4.160023401
        -22.3675,-4.782523101
        -22.3525,-4.866812351
        -22.3475,-4.958233851
        -22.3575,-4.835023101
        -22.3625,-4.803233851
        -22.3925,-4.575023226
        -22.3775,-4.659312476
        -22.3725,-4.750733851
        -22.3825,-4.627523101
        -22.3875,-4.595733976
        -22.4175,-4.367523326
        -22.4025,-4.451812576
        -22.3975,-4.543233851
        -22.4075,-4.420023226
        -22.4125,-4.388234076
        -22.4275,-4.244312651
        -22.4225,-4.335733976
        -22.4375,-4.180734151
        -22.4325,-4.212523326
        -22.4825,-3.920734151
        -22.4575,-4.036812726
        -22.4525,-4.128234076
        -22.4675,-3.973234226
        -22.4625,-4.005023401
        -22.4775,-3.952523476
        -22.5325,-3.558234351
        -22.5075,-3.745023551
        -22.4925,-3.797523476
        -22.4875,-3.829312801
        -22.4975,-3.765734326
        -22.5175,-3.621812876
        -22.5125,-3.713234226
        -22.5225,-3.590023551
        -22.5275,-3.558234401
        -22.5525,-3.414312939
        -22.5425,-3.537523626
        -22.5475,-3.505734276
        -22.5575,-3.382523601
        -22.5625,-3.350734426];
    
    hold on; plot(f(:,1), f(:,2),'bo')
    
elseif strcmp('resource',domain)

    f = [0.00000,0.08333,0.00000
        -0.01075,0.09677,0.00000
        -0.02628,0.11203,0.00000
        0.00000,0.00000,0.10000
        0.00000,0.05556,0.05556
        -0.00775,0.06977,0.06977
        -0.01815,0.07736,0.07736];
    
    hold on; scatter3(f(:,1), f(:,2), f(:,3),'bo')
    
elseif strcmp('lqr',domain) && N == 2 % starting from [10, 10]

    f = dlmread('lqr2_ws.txt');
    step = 1000;
    w = [];
    for i = 0 : 1/step : 1
        w = [w; i 1-i];
    end
    hold on; plot(f(:,1), f(:,2),'bo')
    
elseif strcmp('lqr',domain) && N == 3 % starting from [10, 10, 10]
    
    step = 100;
    f = dlmread('lqr3_ws.txt');
    w = [];
    for i = 0 : 1/step : 1
        for j = 0 : 1/step : 1 - i
            w = [w; i j 1-(i+j)];
        end
    end
    hold on; scatter3(f(:,1), f(:,2), f(:,3), 'bo')

elseif strcmp('dam',domain) && N == 2
    
    f = -[2.1757273e+00   9.4969514e+00
        2.1757273e+00   9.4969514e+00
        2.1757273e+00   9.4969514e+00
        1.9167562e+00   9.5411514e+00
        1.6354131e+00   9.6068514e+00
        1.4897689e+00   9.6644514e+00
        1.3521247e+00   9.7492514e+00
        1.2472767e+00   9.8446514e+00
        1.1249818e+00   1.0032651e+01
        9.2868152e-01   1.0463651e+01
        8.7886890e-01   1.0691382e+01];

    w = [0 1
        0.1 0.9
        0.2 0.8
        0.3 0.7
        0.4 0.6
        0.5 0.5
        0.6 0.4
        0.7 0.3
        0.8 0.2
        0.9 0.1
        1 0];
    
    hold on; plot(f(:,1), f(:,2),'bo','DisplayName','SDP approximation')

elseif strcmp('dam',domain) && N == 3
    
    f=-[6.35540500e+01 1.10667000e+01 9.39109958e-03
        2.17572730e+00 9.49695141e+00 5.50282585e-01
        8.78868904e-01 1.06913823e+01 6.17941124e-01
        3.24872500e+01 9.91640000e+00 9.60750531e-03
        2.48755873e+00 9.82783048e+00 3.80869809e-01
        7.06081283e+00 9.71191406e+00 1.63899646e-01
        5.80711957e+00 1.00425141e+01 1.86530812e-01
        7.18719282e+00 9.62481406e+00 1.70485880e-01
        1.81835741e+01 9.86060000e+00 2.90071287e-02
        1.04397887e+00 1.01748514e+01 5.88319895e-01
        6.27474873e+00 9.60881406e+00 2.01748274e-01
        9.30669628e+00 9.65811406e+00 1.18506503e-01
        1.52077177e+00 1.00567778e+01 4.93033398e-01
        2.00480642e+00 1.05913937e+01 3.98832004e-01
        1.75030129e+01 9.76030000e+00 3.28887084e-02
        1.76554636e+00 9.69409817e+00 4.99309502e-01
        9.44377505e+00 9.75341406e+00 1.08982928e-01
        1.35572467e+00 9.74535141e+00 5.65921874e-01
        2.17572730e+00 9.49695141e+00 5.50282585e-01
        1.08239981e+01 9.71981406e+00 8.83985343e-02
        6.30295847e+00 9.74811406e+00 1.83680529e-01
        5.68259911e+00 9.79281406e+00 2.02800007e-01
        2.06442429e+00 9.77988026e+00 4.36379549e-01
        7.47405207e+00 9.66621414e+00 1.57254200e-01
        4.46113500e+01 1.00685000e+01 9.39109958e-03];
    
    hold on; scatter3(f(:,1),f(:,2),f(:,3),'bo','DisplayName','SDP approximation')
    
    w = [   0.0000000e+00   0.0000000e+00   1.0000000e+00
        0.0000000e+00   1.0000000e+00   0.0000000e+00
        1.0000000e+00   0.0000000e+00   0.0000000e+00
        0.0000000e+00   6.3636364e-01   3.6363636e-01
        5.4545455e-01   2.7272727e-01   1.8181818e-01
        2.7272727e-01   3.6363636e-01   3.6363636e-01
        4.0909091e-01   1.3636364e-01   4.5454545e-01
        1.8181818e-01   5.9090909e-01   2.2727273e-01
        9.0909091e-02   9.0909091e-02   8.1818182e-01
        8.1818182e-01   9.0909091e-02   9.0909091e-02
        9.0909091e-02   8.1818182e-01   9.0909091e-02
        1.3636364e-01   5.9090909e-01   2.7272727e-01
        7.2727273e-01   1.3636364e-01   1.3636364e-01
        7.7272727e-01   0.0000000e+00   2.2727273e-01
        4.5454545e-02   5.9090909e-01   3.6363636e-01
        5.0000000e-01   4.0909091e-01   9.0909091e-02
        2.2727273e-01   2.7272727e-01   5.0000000e-01
        5.9090909e-01   4.0909091e-01   0.0000000e+00
        0.0000000e+00   1.0000000e+00   0.0000000e+00
        1.8181818e-01   3.1818182e-01   5.0000000e-01
        3.1818182e-01   3.1818182e-01   3.6363636e-01
        3.6363636e-01   2.7272727e-01   3.6363636e-01
        5.4545455e-01   3.1818182e-01   1.3636364e-01
        2.2727273e-01   4.5454545e-01   3.1818182e-01
        0.0000000e+00   9.0909091e-02   9.0909091e-01];
    
elseif strcmp('dam',domain) && N == 4
    
    f = -[ 6.22969653e+01 1.09790114e+01 9.99002460e-03 9.81450000e+00
        6.35540500e+01 1.10667000e+01 9.39109958e-03 1.05197000e+01
        2.17572730e+00 9.49695141e+00 5.50282585e-01 1.11950573e+01
        8.78868904e-01 1.06913823e+01 6.17941124e-01 1.13107552e+01
        2.51894012e+00 9.84322062e+00 3.77534397e-01 1.07717000e+01
        1.67984415e+00 9.61352452e+00 5.43764623e-01 1.11760118e+01
        7.23298154e+00 1.03345813e+01 1.40397546e-01 1.04290000e+01
        4.53978986e+00 1.01392611e+01 2.32531635e-01 1.05702000e+01
        6.34042826e+00 9.61167608e+00 2.00451616e-01 1.05074000e+01
        3.64480553e+00 9.62845718e+00 3.21014691e-01 1.07293000e+01
        6.36447517e+00 9.61144095e+00 1.98548436e-01 1.05313000e+01
        2.82123739e+00 9.52614697e+00 4.32444057e-01 1.08940000e+01
        1.54173829e+00 9.87155140e+00 5.05634363e-01 1.10738310e+01
        4.81104472e+00 1.04531100e+01 2.12394947e-01 1.05984000e+01
        1.12352193e+01 1.05905141e+01 7.14907927e-02 1.04069000e+01
        2.34321302e+00 9.58815377e+00 4.54562091e-01 1.09592000e+01
        4.56225750e+00 9.65939950e+00 2.61628421e-01 1.05889000e+01
        3.60944223e+00 9.61923048e+00 3.25611199e-01 1.06864000e+01
        1.26801059e+00 9.82255141e+00 5.70891679e-01 1.12271658e+01
        8.23546300e+00 9.71987540e+00 1.35700699e-01 1.04310000e+01
        9.16200709e-01 1.05078514e+01 6.06712485e-01 1.12873386e+01
        1.19071162e+01 9.69361406e+00 7.61068192e-02 1.04099000e+01
        8.79200347e+00 9.65101926e+00 1.29844993e-01 1.04442000e+01
        3.93817423e+00 9.78333048e+00 2.81251367e-01 1.06187000e+01
        7.23247518e+00 9.88380999e+00 1.51704446e-01 1.04768000e+01
        1.06066605e+00 1.01502514e+01 5.86830157e-01 1.12520155e+01
        9.96853095e-01 1.02650514e+01 5.92881657e-01 1.12606191e+01
        2.08854529e+01 9.79840000e+00 2.16507868e-02 1.02822000e+01
        6.06883799e+00 9.93131358e+00 1.82742525e-01 1.05476000e+01
        3.15155196e+00 9.68891706e+00 3.42508496e-01 1.07247000e+01
        3.12191472e+00 9.83703048e+00 3.28926164e-01 1.06872000e+01
        8.47572342e+00 9.70281406e+00 1.30357386e-01 1.05128000e+01
        1.44600964e+01 9.72534975e+00 5.11309794e-02 1.03315000e+01
        7.28891090e+00 9.62795176e+00 1.69176492e-01 1.04687000e+01
        1.23764471e+01 1.00530141e+01 6.31187775e-02 1.03813000e+01
        3.03457601e+00 1.00082305e+01 3.22568976e-01 1.06792000e+01
        9.42170685e+00 1.03821448e+01 9.75067540e-02 1.03838000e+01
        3.43599168e+00 9.71443048e+00 3.17886057e-01 1.06767000e+01
        1.42534619e+00 9.69755141e+00 5.62618942e-01 1.12101081e+01
        3.02774011e+00 9.59422062e+00 3.79166680e-01 1.07806000e+01
        3.00758326e+00 9.53702757e+00 4.06938797e-01 1.08457000e+01
        6.39186035e+00 9.71744037e+00 1.84677655e-01 1.04869000e+01
        1.82177713e+01 9.76891406e+00 2.97307130e-02 1.03024000e+01
        1.13018183e+00 1.00211514e+01 5.81003400e-01 1.12445921e+01
        1.90036992e+01 9.77771406e+00 2.72537601e-02 1.02914000e+01
        6.55758025e+00 9.80740886e+00 1.73568937e-01 1.04994000e+01
        2.54491285e+00 1.01884305e+01 3.52417303e-01 1.07307000e+01
        1.71428440e+00 9.66459817e+00 5.12716658e-01 1.10918801e+01
        1.13930973e+01 9.72646478e+00 8.07865325e-02 1.03658000e+01
        3.60061539e+00 9.89073048e+00 2.91616704e-01 1.06317000e+01
        8.74586975e+00 9.71731406e+00 1.23953342e-01 1.04798000e+01
        8.47733700e+00 9.64686722e+00 1.37675018e-01 1.04331000e+01
        4.95095343e+00 1.00060010e+01 2.19462414e-01 1.05710000e+01
        9.13556911e+00 9.71761406e+00 1.16234620e-01 1.04954000e+01
        2.90303031e+00 9.52748026e+00 4.24837549e-01 1.08939000e+01
        2.13272240e+00 9.76566086e+00 4.30065514e-01 1.08934000e+01
        1.22218880e+01 9.69828826e+00 7.30619098e-02 1.03642000e+01
        1.05548261e+01 1.04509335e+01 8.05249792e-02 1.03599000e+01
        5.68125028e+00 1.05233100e+01 1.80145347e-01 1.05272000e+01
        7.30143784e+00 9.63112256e+00 1.68203094e-01 1.04663000e+01
        1.64881809e+00 9.60285141e+00 5.57384145e-01 1.12037308e+01
        3.95898889e+00 1.02120857e+01 2.57610580e-01 1.05747000e+01
        4.84863660e+00 1.00779404e+01 2.20874519e-01 1.05296000e+01
        6.49056946e+00 1.01023497e+01 1.64379138e-01 1.05289000e+01
        5.08623223e+00 1.01652204e+01 2.09288608e-01 1.05098000e+01
        4.85971708e+00 9.58319950e+00 2.64941739e-01 1.05954000e+01
        3.65104412e+00 9.55202062e+00 3.45423568e-01 1.07350000e+01
        3.78437673e+00 9.74733048e+00 2.92627440e-01 1.06350000e+01
        1.56849412e+01 9.75911406e+00 4.15846088e-02 1.03264000e+01
        7.35624104e+00 9.83871406e+00 1.50216947e-01 1.05151000e+01
        9.20274502e+00 9.91091406e+00 1.09351213e-01 1.04366000e+01
        4.95286617e+00 1.02880277e+01 2.10400803e-01 1.05319000e+01
        4.06628285e+00 1.02281016e+01 2.51157741e-01 1.06104000e+01
        2.13890836e+00 9.95392081e+00 4.08884942e-01 1.08459000e+01
        1.83520501e+00 9.80335377e+00 4.65873825e-01 1.09675000e+01
        1.70824186e+01 9.98340000e+00 3.23975860e-02 1.03208000e+01
        1.70771377e+00 9.90409694e+00 4.72530984e-01 1.09895995e+01
        1.03894010e+01 9.67381406e+00 9.87394892e-02 1.04240000e+01
        3.89318026e+00 9.57513048e+00 3.20619605e-01 1.06932000e+01
        5.29549783e+00 9.62482041e+00 2.35336737e-01 1.05541000e+01
        3.28922772e+01 9.92421406e+00 9.75371754e-03 1.01359000e+01
        5.02775319e+00 1.00593100e+01 2.14014423e-01 1.06157000e+01
        1.09081531e+01 9.82786100e+00 8.47934511e-02 1.03778000e+01
        3.21931810e+00 1.01172647e+01 3.04523882e-01 1.07182000e+01
        1.63112223e+01 9.82841406e+00 3.71145786e-02 1.03167000e+01
        8.11290506e+00 9.68751406e+00 1.39783616e-01 1.05280000e+01
        1.81788388e+00 9.59439650e+00 5.32932799e-01 1.11546908e+01
        4.45232374e+00 1.00568204e+01 2.39803999e-01 1.05511000e+01
        2.06221592e+00 9.65305378e+00 4.64500990e-01 1.09781000e+01
        2.90426668e+00 9.58353661e+00 3.96700754e-01 1.08150000e+01
        1.30982147e+00 9.78435141e+00 5.68325367e-01 1.12234318e+01
        6.04967587e+00 9.60567608e+00 2.10547255e-01 1.05221000e+01
        3.90249809e+00 9.61573048e+00 3.07146630e-01 1.06658000e+01
        4.00946254e+00 1.00193257e+01 2.61827783e-01 1.06333000e+01
        4.27278905e+00 9.90228567e+00 2.56767279e-01 1.05773000e+01
        2.93240419e+00 9.65098589e+00 3.66531732e-01 1.07732000e+01
        3.54255980e+00 9.54713048e+00 3.54281590e-01 1.07868000e+01
        4.45904971e+00 9.62828567e+00 2.73799173e-01 1.06180000e+01
        4.23909316e+00 9.56613048e+00 3.02270470e-01 1.06608000e+01
        4.85877853e+00 9.65002041e+00 2.50511734e-01 1.05855000e+01
        1.43672199e+00 9.69205141e+00 5.62169776e-01 1.12098680e+01
        2.50031834e+00 9.75790820e+00 3.89859682e-01 1.08118000e+01
        8.58947020e+00 9.64806722e+00 1.34825825e-01 1.04307000e+01
        3.55747429e+00 1.04325348e+01 2.72276651e-01 1.06920000e+01
        2.29092950e+00 1.04907823e+01 3.68595782e-01 1.07523000e+01
        7.67979223e+00 9.84537540e+00 1.42576034e-01 1.04371000e+01
        9.24510353e+00 9.79559422e+00 1.12024458e-01 1.04101000e+01
        6.76122863e+00 9.70309609e+00 1.74081011e-01 1.04752000e+01
        1.86480881e+01 9.77421406e+00 2.84202003e-02 1.02905000e+01
        2.24447795e+01 9.81601406e+00 1.80150132e-02 1.02452000e+01
        2.77860083e+00 9.53308026e+00 4.32568159e-01 1.09103000e+01
        2.17572730e+00 9.49695141e+00 5.50282585e-01 1.11950573e+01
        4.51013558e+00 9.67422041e+00 2.62432348e-01 1.06015000e+01
        1.08931969e+01 9.88151406e+00 8.30091838e-02 1.04079000e+01
        4.24399800e+00 1.00568875e+01 2.48795568e-01 1.06325000e+01
        3.13370140e+00 1.05141305e+01 2.98958850e-01 1.06336000e+01
        4.72339573e+00 9.94882041e+00 2.32494329e-01 1.05460000e+01
        4.12116270e+00 9.66115002e+00 2.83561405e-01 1.07068000e+01
        3.75647653e+01 9.97791141e+00 9.99002460e-03 1.00824000e+01
        5.24661624e+00 1.04639588e+01 1.95619180e-01 1.05119000e+01
        4.43506889e+01 1.00718000e+01 9.52645158e-03 1.00215000e+01
        9.37891644e+00 9.66065377e+00 1.18133612e-01 1.04108000e+01
        3.17707292e+00 9.63102062e+00 3.53801740e-01 1.07406000e+01
        3.85482491e+00 9.70174546e+00 2.93706422e-01 1.07133000e+01
        1.70500102e+01 9.75584975e+00 3.49541615e-02 1.03026000e+01
        ];
    
    w=[0.00000000e+00 0.00000000e+00 0.00000000e+00 1.00000000e+00
        0.00000000e+00 0.00000000e+00 1.00000000e+00 0.00000000e+00
        0.00000000e+00 1.00000000e+00 0.00000000e+00 0.00000000e+00
        1.00000000e+00 0.00000000e+00 0.00000000e+00 0.00000000e+00
        1.40495868e-01 7.43801653e-02 8.26446281e-03 7.76859504e-01
        3.05785124e-01 4.21487603e-01 2.47933884e-02 2.47933884e-01
        1.90082645e-01 2.47933884e-02 2.97520661e-01 4.87603306e-01
        3.96694215e-01 9.09090909e-02 3.14049587e-01 1.98347107e-01
        1.07438017e-01 4.13223140e-01 9.91735537e-02 3.80165289e-01
        3.05785124e-01 5.28925620e-01 1.40495868e-01 2.47933884e-02
        1.48760331e-01 5.95041322e-01 1.48760331e-01 1.07438017e-01
        1.32231405e-01 4.71074380e-01 8.26446281e-03 3.88429752e-01
        5.95041322e-01 2.06611570e-01 9.91735537e-02 9.91735537e-02
        4.79338843e-01 2.47933884e-02 4.29752066e-01 6.61157025e-02
        2.14876033e-01 0.00000000e+00 7.27272727e-01 5.78512397e-02
        2.72727273e-01 5.04132231e-01 4.95867769e-02 1.73553719e-01
        2.56198347e-01 4.04958678e-01 1.65289256e-01 1.73553719e-01
        9.09090909e-02 1.73553719e-01 8.26446281e-03 7.27272727e-01
        4.95867769e-01 2.14876033e-01 1.65289256e-02 2.72727273e-01
        1.07438017e-01 1.48760331e-01 1.73553719e-01 5.70247934e-01
        8.59504132e-01 6.61157025e-02 2.47933884e-02 4.95867769e-02
        1.23966942e-01 3.88429752e-01 3.96694215e-01 9.09090909e-02
        1.07438017e-01 5.37190083e-01 1.90082645e-01 1.65289256e-01
        2.97520661e-01 2.06611570e-01 1.65289256e-01 3.30578512e-01
        2.47933884e-01 1.40495868e-01 3.63636364e-01 2.47933884e-01
        6.11570248e-01 8.26446281e-02 4.13223140e-02 2.64462810e-01
        5.04132231e-01 4.95867769e-02 1.65289256e-02 4.29752066e-01
        5.78512397e-02 1.57024793e-01 7.52066116e-01 3.30578512e-02
        3.38842975e-01 1.57024793e-01 3.88429752e-01 1.15702479e-01
        3.55371901e-01 3.80165289e-01 1.40495868e-01 1.23966942e-01
        1.15702479e-01 6.61157025e-02 1.65289256e-02 8.01652893e-01
        2.23140496e-01 3.63636364e-01 3.96694215e-01 1.65289256e-02
        6.61157025e-02 1.73553719e-01 3.14049587e-01 4.46280992e-01
        7.43801653e-02 5.86776860e-01 9.09090909e-02 2.47933884e-01
        1.57024793e-01 6.61157025e-02 6.11570248e-01 1.65289256e-01
        3.88429752e-01 1.15702479e-01 1.65289256e-01 3.30578512e-01
        1.40495868e-01 1.65289256e-02 3.38842975e-01 5.04132231e-01
        2.31404959e-01 2.23140496e-01 9.09090909e-02 4.54545455e-01
        5.28925620e-01 4.21487603e-01 4.95867769e-02 0.00000000e+00
        1.23966942e-01 2.56198347e-01 8.26446281e-03 6.11570248e-01
        1.73553719e-01 5.20661157e-01 3.30578512e-02 2.72727273e-01
        1.40495868e-01 1.73553719e-01 1.48760331e-01 5.37190083e-01
        6.61157025e-02 2.06611570e-01 5.70247934e-01 1.57024793e-01
        7.76859504e-01 1.90082645e-01 1.65289256e-02 1.65289256e-02
        5.78512397e-02 2.23140496e-01 5.61983471e-01 1.57024793e-01
        2.56198347e-01 1.90082645e-01 3.14049587e-01 2.39669421e-01
        5.37190083e-01 8.26446281e-02 1.98347107e-01 1.81818182e-01
        3.55371901e-01 3.47107438e-01 4.13223140e-02 2.56198347e-01
        2.47933884e-02 3.30578512e-02 4.95867769e-02 8.92561983e-01
        3.47107438e-01 1.57024793e-01 1.81818182e-01 3.14049587e-01
        2.06611570e-01 3.05785124e-01 3.88429752e-01 9.91735537e-02
        8.26446281e-02 4.29752066e-01 1.32231405e-01 3.55371901e-01
        3.80165289e-01 1.32231405e-01 3.30578512e-01 1.57024793e-01
        2.14876033e-01 3.30578512e-01 4.38016529e-01 1.65289256e-02
        1.81818182e-01 6.94214876e-01 4.13223140e-02 8.26446281e-02
        4.71074380e-01 2.97520661e-01 1.15702479e-01 1.15702479e-01
        8.26446281e-02 2.72727273e-01 2.72727273e-01 3.71900826e-01
        9.91735537e-02 8.26446281e-03 2.89256198e-01 6.03305785e-01
        3.80165289e-01 8.26446281e-03 4.29752066e-01 1.81818182e-01
        2.47933884e-02 2.56198347e-01 1.65289256e-02 7.02479339e-01
        3.71900826e-01 5.61983471e-01 1.65289256e-02 4.95867769e-02
        2.89256198e-01 4.95867769e-02 1.81818182e-01 4.79338843e-01
        3.22314050e-01 9.09090909e-02 2.72727273e-01 3.14049587e-01
        3.38842975e-01 9.91735537e-02 4.46280992e-01 1.15702479e-01
        2.97520661e-01 6.61157025e-02 2.72727273e-01 3.63636364e-01
        5.78512397e-02 7.60330579e-01 3.30578512e-02 1.48760331e-01
        1.48760331e-01 7.60330579e-01 5.78512397e-02 3.30578512e-02
        2.64462810e-01 2.23140496e-01 1.32231405e-01 3.80165289e-01
        8.26446281e-02 1.48760331e-01 4.87603306e-01 2.80991736e-01
        2.80991736e-01 1.90082645e-01 4.21487603e-01 1.07438017e-01
        2.06611570e-01 1.15702479e-01 4.54545455e-01 2.23140496e-01
        3.63636364e-01 4.95867769e-02 3.30578512e-01 2.56198347e-01
        4.62809917e-01 7.43801653e-02 3.22314050e-01 1.40495868e-01
        6.11570248e-01 1.81818182e-01 1.73553719e-01 3.30578512e-02
        2.80991736e-01 1.48760331e-01 2.47933884e-02 5.45454545e-01
        9.91735537e-02 5.78512397e-02 7.85123967e-01 5.78512397e-02
        5.86776860e-01 1.90082645e-01 1.15702479e-01 1.07438017e-01
        1.15702479e-01 4.62809917e-01 2.80991736e-01 1.40495868e-01
        2.23140496e-01 5.78512397e-01 9.91735537e-02 9.91735537e-02
        2.06611570e-01 4.54545455e-01 1.57024793e-01 1.81818182e-01
        0.00000000e+00 5.04132231e-01 2.72727273e-01 2.23140496e-01
        4.38016529e-01 1.32231405e-01 3.96694215e-01 3.30578512e-02
        1.15702479e-01 9.91735537e-02 3.30578512e-01 4.54545455e-01
        5.70247934e-01 1.23966942e-01 2.89256198e-01 1.65289256e-02
        8.26446281e-02 9.09090909e-02 5.53719008e-01 2.72727273e-01
        2.23140496e-01 4.04958678e-01 3.63636364e-01 8.26446281e-03
        3.30578512e-01 5.20661157e-01 4.13223140e-02 1.07438017e-01
        3.14049587e-01 9.09090909e-02 2.31404959e-01 3.63636364e-01
        3.38842975e-01 3.88429752e-01 5.78512397e-02 2.14876033e-01
        1.32231405e-01 2.89256198e-01 8.26446281e-03 5.70247934e-01
        5.70247934e-01 2.89256198e-01 4.95867769e-02 9.09090909e-02
        1.40495868e-01 4.71074380e-01 1.23966942e-01 2.64462810e-01
        2.06611570e-01 4.13223140e-01 9.09090909e-02 2.89256198e-01
        4.54545455e-01 1.40495868e-01 2.97520661e-01 1.07438017e-01
        2.14876033e-01 9.91735537e-02 1.32231405e-01 5.53719008e-01
        3.38842975e-01 4.46280992e-01 1.15702479e-01 9.91735537e-02
        1.98347107e-01 7.27272727e-01 7.43801653e-02 0.00000000e+00
        2.47933884e-01 4.79338843e-01 1.48760331e-01 1.23966942e-01
        6.61157025e-02 8.67768595e-01 3.30578512e-02 3.30578512e-02
        2.47933884e-01 4.29752066e-01 1.73553719e-01 1.48760331e-01
        4.79338843e-01 4.04958678e-01 1.65289256e-02 9.91735537e-02
        4.71074380e-01 3.22314050e-01 1.48760331e-01 5.78512397e-02
        9.91735537e-02 4.38016529e-01 1.65289256e-01 2.97520661e-01
        6.03305785e-01 3.30578512e-02 3.63636364e-01 0.00000000e+00
        6.36363636e-01 1.65289256e-02 2.14876033e-01 1.32231405e-01
        1.73553719e-01 1.15702479e-01 2.72727273e-01 4.38016529e-01
        1.48760331e-01 1.40495868e-01 3.14049587e-01 3.96694215e-01
        1.73553719e-01 2.39669421e-01 2.06611570e-01 3.80165289e-01
        5.78512397e-02 1.32231405e-01 5.28925620e-01 2.80991736e-01
        3.30578512e-02 1.65289256e-01 5.37190083e-01 2.64462810e-01
        2.23140496e-01 6.44628099e-01 4.95867769e-02 8.26446281e-02
        2.23140496e-01 7.52066116e-01 8.26446281e-03 1.65289256e-02
        2.80991736e-01 3.96694215e-01 1.81818182e-01 1.40495868e-01
        1.73553719e-01 1.15702479e-01 5.12396694e-01 1.98347107e-01
        4.62809917e-01 1.32231405e-01 3.30578512e-01 7.43801653e-02
        4.54545455e-01 8.26446281e-03 2.23140496e-01 3.14049587e-01
        3.05785124e-01 1.23966942e-01 2.39669421e-01 3.30578512e-01
        3.30578512e-01 4.79338843e-01 1.90082645e-01 0.00000000e+00
        0.00000000e+00 2.72727273e-01 1.90082645e-01 5.37190083e-01
        3.47107438e-01 1.65289256e-02 3.47107438e-01 2.89256198e-01
        0.00000000e+00 9.91735537e-02 6.85950413e-01 2.14876033e-01
        5.78512397e-02 6.44628099e-01 1.15702479e-01 1.81818182e-01
        1.57024793e-01 2.56198347e-01 3.30578512e-02 5.53719008e-01
        3.80165289e-01 4.04958678e-01 2.06611570e-01 8.26446281e-03
        4.95867769e-02 2.47933884e-01 3.55371901e-01 3.47107438e-01 ];

else
    
    error('Domain unknown')
    
end

end

